50,50,363.932,5.72627
50,50,360.107,4.12899
50,50,364.998,5.10804
50,50,353.867,5.1289
50,50,359.765,5.5734
50,50,354.48,9.36019
50,50,364.887,6.09881
50,50,361.941,5.81286
50,50,369.385,4.87263
50,50,353.301,5.30873
50,50,365.082,6.12493
50,50,367.23,5.01859
50,50,352.423,5.15428
50,50,361.833,5.50304
50,50,361.089,5.2846
50,50,365.713,6.27216
50,50,370.399,5.40546
50,50,363.737,8.96818
50,50,361.837,5.76348
50,50,372.309,7.85667
50,50,372.07,5.56238
50,50,365.368,6.83515
50,50,376.075,5.68944
50,50,356.295,4.85444
50,50,366.352,6.21391
50,50,374.362,5.60485
50,50,361.388,5.62575
50,50,348.671,5.32476
50,50,359.64,5.77926
50,50,353.5,6.21519
50,50,375.088,5.24192
50,50,361.688,5.33658
50,50,350.26,5.66414
50,50,361.357,6.70929
50,50,355.957,5.42186
50,50,359.922,5.57898
50,50,351.751,4.47202
50,50,361.512,5.8829
50,50,360.844,5.36698
50,50,351.427,6.66597
50,50,363.521,5.84737
50,50,354.153,5.23651
50,50,340,4.70746
50,50,370.651,6.94748
50,50,354.547,6.13461
50,50,376.265,5.37174
50,50,343.835,6.10582
50,50,364.503,5.72423
50,50,361.813,5.45011
50,50,367.628,5.12776
50,50,346.049,4.95208
50,50,361.408,3.90779
50,50,368.871,6.94612
50,50,357.927,4.81798
50,50,367.527,6.41299
50,50,346.687,5.35011
50,50,375.041,6.95929
50,50,357.847,5.98476
50,50,354.412,5.37896
50,50,367.343,7.27793
50,50,371.187,4.89101
50,50,359.614,6.84981
50,50,361.79,8.47666
50,50,353.547,4.57895
50,50,357.457,5.70901
50,50,369.175,8.93209
50,50,374.642,5.12778
50,50,364.364,6.38986
50,50,346.041,5.52882
50,50,347.892,5.24479
50,50,377.235,6.40365
50,50,371.048,4.88442
50,50,362.288,4.63816
50,50,363.001,5.56345
50,50,357.063,4.73069
50,50,362.816,5.00792
50,50,354.071,6.06125
50,50,359.708,5.79019
50,50,374.634,6.98476
50,50,342.509,4.57327
50,50,350.819,5.28585
50,50,356.488,6.19227
50,50,353.856,4.04322
50,50,361.457,4.43552
50,50,373.319,7.5069
50,50,362.013,6.24547
50,50,355.776,5.36867
50,50,359.262,5.21081
50,50,356.522,4.97094
50,50,369.442,5.84438
50,50,362.668,5.46678
50,50,374.727,6.16689
50,50,379.363,5.63622
50,50,348.571,4.60023
50,50,380.428,5.97265
50,50,375.182,6.81581
50,50,356.243,5.32525
50,50,367.523,4.81962
50,50,360.048,6.41801
50,50,351.538,5.83923
