37,45,364.117,5.14624
25,26,359.887,4.42694
50,50,364.986,5.1808
28,33,354.073,5.01905
33,37,360.024,5.24776
29,31,353.893,9.52619
31,33,364.59,6.01632
31,39,361.97,5.85452
47,49,369.547,4.74197
41,45,353.239,5.15271
35,38,365.236,6.10308
27,27,367.347,5.07349
29,34,352.628,4.49687
33,37,361.918,5.39874
29,30,361.041,5.23266
24,25,366.067,5.89349
41,44,370.794,5.50053
35,40,364.639,8.41008
21,23,362.478,5.243
19,20,373.031,7.42086
27,28,372.044,5.7591
28,30,365.679,6.73449
29,32,376.56,5.46684
35,39,356.362,5.04504
25,26,367.653,5.84951
28,30,374.602,5.78663
28,32,361.979,5.26462
33,35,349.285,4.88709
24,32,360.045,5.13101
37,44,353.668,6.28325
34,44,375.521,5.17691
32,34,361.936,5.26285
41,48,350.871,5.08785
40,46,361.276,6.17349
37,42,355.782,5.35436
42,50,360.312,5.33077
27,31,351.65,4.21417
28,30,361.828,5.83648
41,47,361.282,5.21706
18,18,352.349,6.50396
30,34,363.63,5.63639
35,40,354.074,5.12746
38,44,339.793,4.49938
24,25,371.432,6.45221
42,46,354.486,6.07394
24,30,376.58,5.34754
26,28,344.093,6.03579
30,31,364.761,5.80393
29,30,361.962,5.49771
22,25,368.098,5.04954
21,22,346.587,4.80349
50,50,361.488,3.99297
36,39,368.896,7.04193
31,31,358.056,4.70521
40,49,367.262,6.3351
40,45,346.853,5.31052
27,28,375.521,6.64558
21,22,358.497,6.0273
48,50,354.713,5.30875
32,34,366.874,7.528
46,50,371.313,4.96948
31,34,359.549,7.00104
34,38,361.965,8.29075
41,43,353.37,5.02218
42,46,357.336,6.08211
38,42,369.772,9.01495
41,47,374.693,4.79664
30,33,365.283,6.12915
41,44,346.185,5.30537
40,43,348.633,4.89083
29,33,377.242,6.28737
41,45,371.266,4.78457
44,46,362.614,4.51258
22,23,363.176,5.5485
27,28,357.134,4.73249
39,45,363.014,4.78149
42,45,354.463,5.84181
31,35,359.889,5.71589
33,36,374.501,6.603
34,36,342.444,4.76546
30,33,351.154,5.26251
25,27,357.013,6.01956
50,50,353.836,4.24419
34,50,361.514,4.1532
39,42,373.954,7.11523
30,31,362.391,6.20311
26,28,356.222,5.37826
41,47,359.238,5.02619
33,41,356.574,4.91718
39,44,369.312,6.11965
37,42,362.876,5.48605
39,47,375.272,5.72213
30,35,379.551,5.40931
29,33,348.477,4.69079
22,23,380.87,5.84168
24,24,375.329,6.53999
28,30,356.52,5.13146
29,34,367.596,4.84378
32,35,360.255,6.00833
29,32,352.405,5.80161
