4,4,364.05,5.26224
3,3,360.518,3.94198
3,3,365.132,5.00796
4,4,353.898,5.01864
4,4,360.124,5.22014
4,4,355.271,9.24137
4,4,365.95,6.01762
4,4,361.845,6.04728
4,4,369.506,4.91367
4,4,353.367,5.01772
4,4,365.609,6.07446
3,3,368.109,5.45921
4,4,352.692,4.73472
4,4,362.09,5.41306
4,4,361.577,5.22488
3,3,367.386,5.64685
4,4,370.944,5.31424
3,3,364.081,8.64414
3,3,362.809,4.68706
3,3,373.446,7.37736
3,3,372.522,5.11817
3,3,367.286,5.79031
4,4,376.466,5.59501
5,5,357.024,4.70208
3,3,368.326,5.10076
3,3,375.48,5.17826
4,4,362.904,4.99637
4,4,349.812,4.96017
3,3,360.142,5.14629
3,3,353.393,6.35554
3,3,375.07,5.23493
4,4,361.875,4.90341
4,4,350.475,5.24585
3,3,361.417,6.42124
4,4,355.902,5.18877
3,3,360.544,5.65155
4,4,352.413,3.80959
4,4,362.377,5.2637
4,4,361.185,5.49281
3,3,352.759,6.40499
4,4,363.971,5.56967
4,4,354.387,5.10797
4,4,340.007,4.64764
3,3,372.258,6.20338
4,4,354.664,6.00909
4,4,376.959,5.06843
3,3,344.707,5.67745
4,4,364.984,5.8065
3,3,362.496,5.39491
3,3,368.443,4.65364
4,4,346.5,5.22027
3,3,361.323,4.0372
4,4,369.32,6.99818
4,4,358.488,4.63868
3,3,367.155,6.54353
4,4,346.753,5.44478
3,3,375.918,6.86895
3,3,358.567,6.03091
3,3,354.606,5.34484
4,4,367.24,7.29655
4,4,371.137,4.9399
4,4,359.374,6.96783
4,4,362.185,8.12914
4,4,353.101,4.75683
4,4,357.575,5.91907
3,3,370.668,8.83968
4,4,374.71,5.04057
4,4,365.483,5.81752
4,4,346.278,5.22743
4,4,348.759,4.78579
4,4,378.043,6.07849
4,4,371.258,4.83661
4,4,362.792,4.49499
3,3,363.993,4.98054
3,3,358.935,4.12186
4,4,362.435,5.3015
4,4,354.218,5.63864
4,4,360.091,5.73198
4,4,374.417,6.7512
5,5,342.954,5.03281
4,4,351.364,5.20986
3,3,357.774,6.25364
4,4,354.152,4.08431
3,3,361.433,4.74764
3,3,373.855,7.51268
4,4,362.665,5.77305
4,4,356.672,5.22587
4,4,359.299,5.28295
3,3,357.069,4.7993
4,4,369.568,5.98792
4,4,362.84,5.2798
3,3,375.029,6.0298
4,4,379.494,5.66834
4,4,348.981,4.3733
3,3,381.461,5.95987
3,3,376.363,6.305
4,4,356.762,4.84446
4,4,367.732,4.52002
4,4,360.357,6.02327
4,4,352.364,5.69262
