4,6,363.968,5.5986
5,6,359.816,4.2683
3,4,365.291,4.71896
4,5,353.436,5.31377
4,6,359.982,5.75194
4,5,354.571,9.14038
5,5,364.51,6.17609
4,4,361.83,6.0658
5,5,369.541,4.82614
4,5,353.517,4.98403
5,5,365.162,6.15302
4,6,367.249,4.96222
4,5,352.419,5.13866
4,5,362.318,5.26408
4,5,361.152,5.32421
4,4,366.029,6.25134
5,5,370.335,5.65073
4,4,363.457,9.05595
4,4,362.014,5.72194
4,6,372.533,7.5599
4,6,372.139,5.87948
4,4,365.396,6.72565
5,6,376.199,5.63482
5,6,356.299,4.82108
5,7,366.64,5.77198
4,6,374.188,5.70168
5,6,361.451,5.47701
5,7,348.767,5.38477
4,4,359.76,5.48603
3,5,353.503,6.18969
3,5,375.066,5.34736
4,5,362.046,5.19315
5,5,350.43,5.72572
4,4,361.619,6.16115
4,5,356.325,5.14936
4,4,359.961,5.41561
4,4,351.476,4.59658
5,5,361.545,5.95915
5,5,361.004,5.14027
4,5,351.906,6.58867
5,5,363.419,5.73518
4,5,354.355,4.85742
4,4,340.216,4.6183
4,6,370.848,6.889
5,5,354.314,6.27158
4,5,376.227,5.66618
4,5,344.123,6.3087
4,4,364.365,5.89666
4,7,361.689,5.71533
4,6,367.279,5.28764
5,5,345.923,5.14213
3,5,361.51,4.00924
5,5,369.175,7.09865
5,5,358.011,4.70606
3,5,367.606,6.2278
4,4,346.949,5.13661
4,8,375.381,6.937
4,5,358.122,5.63728
4,4,354.635,5.428
4,6,367.401,7.1865
4,4,371.51,4.7792
4,6,359.388,6.80086
5,5,361.652,8.09966
4,6,353.296,4.7433
4,5,357.499,5.90109
4,5,369.805,8.67169
4,4,374.77,5.07591
5,7,364.581,6.21531
5,5,345.794,5.48632
5,7,348.326,4.80112
4,6,377.498,6.30268
5,7,371.161,4.98216
5,6,362.157,4.72786
4,5,362.707,5.75415
4,4,357.295,4.75401
4,4,362.841,4.78671
4,6,353.955,5.83275
4,5,359.667,5.64907
4,4,374.633,6.97875
5,6,342.203,4.99347
5,5,351.118,5.55274
5,5,356.276,6.18677
5,5,354.098,3.9835
3,5,361.436,4.46451
4,5,373.291,7.44942
4,4,362.445,5.86339
5,7,355.689,5.5515
4,5,359.189,5.30617
4,5,356.104,5.06012
4,4,369.205,6.22091
4,4,362.841,5.38393
4,4,374.931,5.82427
4,5,379.584,5.38181
4,4,348.529,4.78059
4,6,380.577,6.1361
4,6,375.121,6.56487
4,5,356.572,4.91823
4,6,367.521,4.65545
4,4,360.438,6.29124
5,7,351.62,5.69034
