4,4,363.992,5.90634
4,50,359.99,4.21256
3,3,365.116,4.86294
4,4,353.556,5.20345
4,5,360.008,5.33858
4,4,354.983,8.84437
5,5,364.704,6.42929
4,4,362.078,6.2788
47,50,369.509,4.6389
4,4,353.425,5.08451
5,33,364.676,6.43183
4,4,367.08,5.3111
4,4,352.574,4.81307
4,4,362.529,5.22441
4,4,361.105,5.27597
4,4,366.017,5.94256
5,17,370.314,5.41985
4,50,363.6,9.08386
4,8,361.936,5.67839
4,5,372.564,7.33223
3,31,372.138,5.44174
4,4,365.238,6.83023
20,50,376.373,5.53557
5,5,356.308,4.73028
5,36,366.421,5.9903
4,4,374.354,5.6834
5,18,361.367,5.50514
5,20,348.667,5.17038
4,12,359.477,5.37293
3,3,353.338,6.40256
3,3,375.098,5.36238
4,4,361.711,5.18482
5,22,350.404,5.46174
9,50,361.625,6.18374
4,4,356.065,5.46577
4,22,360.375,5.61604
4,4,351.817,4.64576
23,50,361.326,5.90581
5,25,360.569,5.42796
4,11,351.655,6.52845
5,28,363.205,5.84955
4,8,354.292,4.99477
4,4,339.982,4.77792
4,5,371.381,6.69348
50,50,354.498,6.27913
4,4,376.156,5.45669
4,4,343.863,6.3849
4,4,364.348,5.77549
4,5,361.596,5.83497
4,5,367.323,5.43656
5,9,345.963,5.15191
3,3,361.569,3.7902
12,50,369.079,7.04716
5,5,357.792,4.80206
3,8,367.436,6.37515
4,4,346.929,5.31716
4,4,375.554,6.54308
4,11,358.429,5.95957
36,50,354.657,5.35463
4,6,367.357,7.29279
4,4,371.33,5.23665
4,4,359.401,6.7235
20,50,361.96,8.11568
4,4,353.381,4.90366
4,8,357.304,5.83006
4,29,369.818,9.08821
4,4,374.728,4.85052
5,50,364.523,6.05807
5,23,345.881,5.62107
5,42,348.393,5.00436
4,4,377.033,6.59647
4,50,371.412,4.85735
5,21,362.13,4.77534
4,8,362.627,5.89768
4,4,357.039,4.64382
4,4,362.892,4.79284
4,4,353.817,5.95911
4,4,359.849,6.2015
4,4,374.768,6.68168
5,5,342.355,4.91519
5,5,350.939,5.51922
5,14,356.163,6.65107
50,50,353.726,4.19172
3,3,361.344,4.51243
4,50,373.548,7.5112
4,4,362.388,5.80078
5,8,355.849,5.17813
4,4,359.173,5.30936
4,37,355.962,5.18666
4,4,369.106,5.93363
4,4,362.894,5.55136
5,50,375.062,5.75389
4,4,379.492,5.42304
4,4,348.854,4.9115
4,19,380.614,5.98455
4,4,375.022,6.63834
4,4,356.349,5.00822
4,5,367.351,4.70616
4,4,359.848,6.52391
5,5,351.513,5.69106
