50,50,6487.45,448.822
50,50,6506.44,355.335
50,50,6491.97,321.189
50,50,6276.9,391.523
50,50,6220.99,318.714
50,50,6307.54,319.001
50,50,6545.15,311.421
50,50,6845.36,324.274
50,50,6415.43,303.319
50,50,6337.53,340.303
50,50,6558.6,309.778
50,50,6742.95,448.515
50,50,6181.8,285.997
50,50,7090.6,564.53
50,50,6522.16,367.808
50,50,6274.86,319.842
50,50,6653.16,390.522
50,50,7017.46,598.403
50,50,6936.71,534.266
50,50,6861.24,346.158
50,50,6166.34,446.256
50,50,6836.35,462.958
50,50,6625.22,349.838
50,50,6402.59,382.216
50,50,6459.05,425.714
50,50,6603.74,348.501
50,50,6817.68,597.328
50,50,6582.57,383.445
50,50,6556,364.941
50,50,6432.93,413.61
50,50,6216.06,341.447
50,50,6915.37,532.651
50,50,7069.11,587.623
50,50,6475.23,693.887
50,50,6513.18,291.819
50,50,6562.9,396.83
50,50,7358.63,444.118
50,50,6248.21,308.985
50,50,6220.65,278.549
50,50,6624.77,423.359
50,50,6677.71,409.877
50,50,6625.59,335.852
50,50,6362.9,358.11
50,50,6595.47,344.055
50,50,6535.64,439.414
50,50,6638.64,313.283
50,50,6928.11,368.232
50,50,6693.85,464.213
50,50,6663.24,315.067
50,50,6423.21,373.657
50,50,6537.01,421.057
50,50,6595.93,510.044
50,50,6996.17,466.003
50,50,6313.4,305.222
50,50,6798.56,397.634
50,50,6601.16,325.834
50,50,6841.12,284.304
50,50,6443.53,486.35
50,50,6524.04,341.298
50,50,6117.95,329.218
50,50,6867.86,427.285
50,50,5986.03,287.073
50,50,6126.6,408.668
50,50,6572.28,276.172
50,50,7381.9,608.447
50,50,6407.28,491.795
50,50,6379.1,422.006
50,50,7249,481.615
50,50,6818.31,376.462
50,50,6619.34,422.981
50,50,6317.48,421.019
50,50,7098.96,599.065
50,50,6805.19,264.45
50,50,6226.9,348.762
50,50,6619.17,470.747
50,50,6955.94,380.048
50,50,6507.98,327.899
50,50,6793.45,325.565
50,50,6693.27,339.223
50,50,7144.34,494.007
50,50,6622.75,387.944
50,50,6991.49,357.578
50,50,6049,311.421
50,50,6969.35,474.768
50,50,7324.27,620.949
50,50,6233.57,326.939
50,50,6222.27,405.895
50,50,6877.93,410.376
50,50,6697.24,336.39
50,50,6540.35,344.119
50,50,6646.12,372.721
50,50,7101.55,338.839
50,50,6982.45,351.342
50,50,6363.4,540.387
50,50,6668.6,386.64
50,50,7421.45,569.471
50,50,6634.81,552.7
50,50,6367.08,383.052
50,50,6388.83,329.029
50,50,6545.07,365.802
