35,41,6506,452.945
40,49,6527.58,343.732
35,40,6521.85,304.728
32,35,6262.73,390.613
41,45,6256.95,312.113
37,49,6313.91,311.231
24,27,6572.07,280.104
34,43,6858.41,312.279
15,16,6463.22,282.298
23,25,6370.41,347.514
47,50,6592.39,281.773
41,46,6752.76,448.978
31,31,6199.3,257.443
27,28,7115.04,559.247
32,35,6536.84,369.269
41,46,6298.43,311.693
37,40,6682.52,375.449
24,28,6976.42,590.999
22,24,6969.69,502.881
43,50,6857.1,352.586
35,41,6215.06,431.509
25,27,6861.62,424.129
30,37,6629.02,343.111
35,40,6428.07,345.539
24,24,6507.99,421.418
32,35,6589.05,347.326
34,38,6847.73,597.827
38,42,6599.22,388.582
20,21,6589.96,375.86
39,42,6442.69,414.175
32,36,6238.9,325.957
25,27,6971.72,490.747
34,41,7083.77,586.524
32,35,6540.76,693.908
46,50,6499.91,301.126
26,26,6624.23,381.78
41,49,7317.26,450.565
28,31,6260.53,296.414
47,50,6208.13,287.834
32,39,6621.45,391.855
27,28,6710.79,405.772
45,50,6623.82,329.076
38,46,6365.99,357.598
45,50,6586.75,341.594
23,24,6572.7,454.596
19,20,6658.32,254.268
45,50,6927.84,349.959
39,45,6739.88,453.912
33,39,6650.73,308.857
26,30,6458.11,359.934
27,28,6539.45,407.973
29,32,6591.45,524.937
40,46,6977.06,466.272
50,50,6328.5,273.539
30,34,6788.47,398.041
45,50,6590.68,328.217
45,50,6832.97,288.867
35,38,6471.99,494.584
31,34,6546.58,328.99
31,34,6138.01,330.795
24,25,6895.23,393.878
29,31,5976.62,299.079
27,31,6137.03,408.508
50,50,6558.12,281.754
29,35,7387,598.575
17,19,6422.49,461.296
32,38,6397.81,410.727
25,27,7290.69,401.803
33,38,6834.48,371.982
27,27,6617.43,409.837
40,47,6390.21,399.792
27,31,7117.71,591.159
29,38,6793.27,275.112
26,29,6215.7,336.422
33,36,6609.13,467.707
31,33,6980.9,364.7
40,46,6503.14,319.863
46,50,6827.36,310.379
28,30,6685.24,340.839
27,31,7127.41,478.558
35,45,6661.4,368.035
47,50,7003.03,339.592
38,42,6052.39,306.313
29,31,6957.69,481.174
24,24,7321.32,612.358
38,44,6244.14,315.579
22,22,6278.47,357.489
42,50,6906.05,401.149
26,29,6718.68,328.546
35,39,6552.51,346.707
34,40,6664.28,354.956
30,38,7130.36,319.296
32,36,7012.89,344.253
32,34,6383.85,540.187
32,34,6699.97,376.183
35,39,7421.07,567.416
34,36,6637.88,542.069
27,30,6363.05,388.635
17,19,6418.48,332.79
43,50,6532.36,362.468
