3,3,6503.73,456.953
3,3,6500.62,342.793
3,3,6520.25,310.037
4,4,6309.89,379.677
3,3,6253.29,302.986
3,3,6303.5,317.42
3,3,6593.55,276.808
4,4,6869.04,322.629
3,3,6467.38,276.259
3,3,6410.22,333.214
3,3,6573.01,302.713
3,3,6775.58,437.978
3,3,6246.16,258.205
4,4,7171.92,566.961
4,4,6569.93,362.473
3,3,6273.72,309.876
4,4,6651.88,388.72
3,3,7024.73,584.77
3,3,6998.66,503.963
3,3,6843.42,372.207
4,4,6189.34,446.15
3,3,6900.98,406.703
3,3,6617.13,363.362
3,3,6416.63,359.869
3,3,6522.21,406.427
4,4,6614.35,350.647
3,3,6832.96,596.2
3,3,6591.89,392.906
3,3,6588.16,358.754
3,3,6441.15,416.186
4,4,6255.74,316.066
3,3,7015.78,489.779
3,3,7138.34,597.634
4,4,6578.79,650.778
3,3,6507.55,292.893
3,3,6712.13,357.02
3,3,7338.01,457.66
3,3,6273.03,286.7
3,3,6210.61,289.532
3,3,6648.27,398.087
2,2,6863.36,329.407
3,3,6608.06,328.858
3,3,6372.55,354.022
3,3,6611.44,338.73
3,3,6652.69,425.55
2,2,6732.24,200.724
3,3,6941.74,363.002
3,3,6751.98,447.949
3,3,6677.17,293.736
4,4,6457.9,366.99
3,3,6586.91,396.12
3,3,6610.45,510.692
3,3,6980.07,479.715
3,3,6310.22,296.767
4,4,6824.97,377.089
3,3,6593.21,334.807
3,3,6838.75,281.748
4,4,6468.7,489.257
4,4,6555.75,320.862
4,4,6152.84,325.094
2,2,6947.77,351.489
4,4,6004.41,279.134
4,4,6172.9,408.351
3,3,6566.25,293.706
3,3,7395.67,588.081
3,3,6462.53,468.527
3,3,6421.44,415.113
3,3,7292.85,419.833
3,3,6865.4,348.99
4,4,6668.14,392.97
3,3,6411.27,395.447
3,3,7150.15,552.349
3,3,6800.6,266.498
4,4,6231.24,317.822
3,3,6620.54,478.299
4,4,6967.39,389.623
3,3,6503.45,330.344
3,3,6826.69,307.558
3,3,6778.98,298.366
3,3,7161.27,476.925
3,3,6658.51,373.675
3,3,6978.66,358.974
4,4,6071.32,313.372
3,3,7001.3,455.249
3,3,7396.53,590.014
4,4,6247.08,317.325
2,2,6389.96,298.51
3,3,6920.8,402.604
4,4,6734.9,321.164
4,4,6550.69,368.173
3,3,6659.09,353.485
3,3,7126.58,320.378
3,3,6988.55,359.269
4,4,6435.08,544.412
4,4,6735.92,360.681
3,3,7488.24,540.337
4,4,6646.24,540.972
4,4,6349.21,376.13
3,3,6440.39,319.605
3,3,6539.55,377.982
