3,3,6518.34,453.886
4,4,6502.05,345.647
4,4,6528.79,307.398
4,4,6270.44,387.671
3,3,6243.32,311.791
3,3,6304.55,309.075
5,5,6550.57,302.071
4,4,6836.26,327.463
4,4,6423.47,298.923
4,4,6359.08,348.078
4,4,6558.96,305.431
3,3,6746.49,447.323
5,5,6183.46,273.492
4,4,7103.42,561.686
4,4,6552.08,353.167
3,4,6271.51,323.575
4,4,6649.44,367.05
3,3,6993.94,592.604
4,4,6943.14,532.81
3,3,6855.79,342.413
4,4,6162.38,433.316
4,4,6843.59,446.704
3,3,6621.71,368.733
4,4,6395.6,371.887
4,4,6462.61,434.713
4,4,6594.07,351.129
4,4,6831.13,607.577
3,4,6605.21,392.625
4,4,6530.39,377.826
3,4,6414.95,417.715
4,4,6256.2,312.048
4,5,6929.72,510.08
4,4,7052.5,602.397
5,5,6520.82,686.421
3,3,6524.79,278.048
5,5,6580.59,402.95
3,3,7309.6,434.154
4,4,6256.93,282.753
3,3,6207.3,286.789
4,4,6649.5,407.098
4,4,6664.88,411.783
3,4,6612.16,329.342
4,4,6312.42,367.117
3,3,6595.47,333.037
4,4,6527.18,450.173
3,3,6636.87,308.97
4,4,6922.51,369.427
4,4,6714.43,439.012
3,3,6659.52,302.384
4,4,6450.18,368.046
4,4,6527.34,420.612
3,3,6603.67,530.258
3,3,6966.22,457.583
3,4,6317.25,300.089
4,4,6794.59,387.115
4,4,6610.43,324.817
3,4,6827.05,278.655
4,4,6460.19,484.048
4,4,6535.03,346.953
4,4,6136.01,333.922
3,3,6872.44,403.346
4,4,5960.97,290.779
4,4,6129.14,405.55
3,4,6560.97,278.475
3,3,7389.31,617.562
4,4,6445.63,492.819
3,3,6406.6,421.217
3,3,7255.2,469.977
3,3,6848.06,369.055
4,4,6622.21,427.588
4,4,6333.5,410.382
3,3,7131.4,561.18
3,3,6800.28,259.065
4,4,6232.04,326.724
3,3,6596.6,481.252
4,4,6963.42,372.753
3,4,6497.07,330.486
4,4,6797,331.03
4,4,6664.52,349.09
3,4,7144.05,469.709
4,4,6622.44,375.168
3,3,7005.02,347.029
4,4,6064.51,308.728
3,3,6960.18,463.974
4,4,7311.08,622.167
4,5,6239.52,336.605
4,4,6229.68,385.251
4,4,6876.21,422.019
4,4,6710.31,333.883
4,4,6544.05,359.577
4,4,6662.83,351.431
4,4,7065.89,359.852
3,3,6993.68,342.897
4,4,6402.7,537.417
4,4,6683.29,380.418
3,3,7453.12,549.333
4,4,6608.43,548.343
4,4,6351.47,389.678
4,4,6392.53,352.71
3,3,6546.59,363.01
