3,3,6528.07,439.925
4,50,6495.11,354.78
30,50,6501.08,309.216
4,4,6284.28,379.975
3,3,6230.01,314.121
3,3,6290.17,333.202
27,50,6553.87,292.435
4,4,6841.24,330.801
4,16,6420.95,289.301
4,8,6364.76,351.586
4,33,6537.25,321.005
3,3,6749.91,439.272
8,50,6179.32,281.396
4,4,7091.06,564.034
4,4,6543.56,370.012
3,3,6279.09,316.534
4,4,6666.31,375.146
3,3,6960.77,613.323
4,6,6921.67,536.674
3,3,6861.68,343.54
4,4,6171.22,447.489
9,50,6854.14,434.581
3,3,6612.03,369.385
4,39,6400.83,356.503
4,5,6477.37,422.601
4,4,6586.18,351.303
4,46,6825.42,590.921
3,3,6607.16,390.154
4,12,6537.34,373.337
3,3,6451.26,415.052
4,4,6240.16,315.12
4,4,6953.51,494.812
4,34,7092.8,587.658
5,31,6517.38,674.294
3,3,6506.56,302.299
5,23,6568.13,389.15
3,3,7346.46,436.831
4,14,6243.32,311.72
3,3,6219.17,290.107
27,50,6638.25,396.068
4,4,6685.53,402.301
3,3,6624.06,331.364
4,24,6343.82,361.65
3,3,6606.37,339.051
4,4,6534.71,456.164
3,5,6670.79,288.314
48,50,6918.85,350.544
4,37,6708.22,447.837
3,3,6635.81,314.929
4,4,6469.25,355.299
4,9,6522.13,420.495
3,3,6601.81,505.654
3,3,6981.56,466.348
3,3,6316.65,293.495
4,4,6758.03,382.329
31,50,6569.27,328.971
3,4,6848.54,299.701
4,4,6470.21,495.214
4,4,6523.64,342.642
4,4,6150.99,325.585
3,4,6856.83,414.853
4,4,5973.65,291.301
4,4,6136.81,400.594
3,3,6555.68,289.192
3,3,7398.22,598.986
4,14,6406.17,495.694
3,3,6417.82,414.292
3,3,7281.66,432.934
3,3,6862.49,370.422
4,4,6627.75,416.689
4,29,6331.05,422.492
3,3,7100.73,579.159
3,3,6795.31,278.241
4,4,6257.81,325.936
3,3,6590.12,481.129
4,4,6978.57,368.201
3,4,6525.92,328.215
5,50,6819.44,317.049
4,4,6677.12,358.736
3,3,7147.63,482.58
4,45,6620.4,388.023
3,3,7010.39,337.707
4,4,6048.71,304.893
3,3,6954.83,470.873
4,5,7333.46,628.233
4,4,6271.53,316.901
4,29,6230.36,392.245
4,50,6884.75,402.116
4,4,6717.77,325.037
4,4,6562.64,352.602
4,43,6654.1,358.203
4,21,7062.11,360.58
3,3,6974.67,365.757
4,4,6401.02,558.769
4,4,6681.65,387.751
3,3,7460.37,556.426
4,4,6601.26,547.961
4,4,6361.63,386.646
4,13,6381.05,352.031
3,3,6541.31,368.211
