3,50,6574.52,204.948
25,50,6284.6,393.203
5,50,6436.01,402.071
22,50,7228.62,811.777
7,50,6194.91,515.762
7,50,7237.1,396.087
14,50,6713.37,535.42
14,50,6442.75,336.64
8,50,7236.33,664.372
20,50,6313.93,339.362
17,50,6654.7,572.203
21,50,6706.22,370.276
20,50,6285.33,396.023
20,50,6627.06,398.224
29,50,6583.85,441.875
17,50,6545.19,482.793
8,50,7053.68,517.914
41,50,6092.38,370.69
28,50,6234.45,306.759
8,50,6830.44,353.231
4,50,6286.73,528.295
13,50,7613.07,767.792
8,50,6420.02,329.032
23,50,6613.92,466.401
16,50,6687.98,428.93
12,50,6715.2,487.8
3,50,6558.33,390.209
29,50,6565.63,471.173
19,50,7125.82,702.116
15,50,6346.68,380.835
8,50,6081.19,269.09
23,50,6742.51,426.736
11,50,7080.64,434.07
17,50,6481.52,381.059
4,50,6420.03,312.623
35,50,6939.05,588.147
30,50,6921.08,582.469
15,50,6534.89,510.175
3,50,6500.03,448.065
13,50,6030.15,311.102
8,50,7372.74,740.184
26,50,6372.59,342.542
12,50,7794.98,621.575
18,50,6419.12,400.423
22,50,6690.06,411.024
14,50,6227.3,392.049
36,50,6286.44,416.865
14,50,6618.8,392.636
21,50,6292.52,320.113
15,50,6834.6,533.726
36,50,6477.36,248.908
8,50,6494.91,271.66
5,50,6812.48,463.473
26,50,6824.6,396.084
8,50,6984.87,415.426
2,50,7501.84,258.444
3,50,6588.17,262.382
3,50,6476.49,397.095
29,50,6324.92,396.933
19,50,6519.79,344.37
3,50,6196.1,346.21
3,50,7024.99,574.539
14,50,6541.66,392.312
26,50,6769.47,381.924
3,50,6966.92,384.156
25,50,6774.37,486.189
3,50,6726.32,358.794
37,50,6206.09,302.544
27,50,6473.38,341.141
3,50,6514.77,300.82
14,50,7014.46,509.507
16,50,6674.96,344.951
5,50,6836.01,404.868
42,50,5761.81,298.947
8,50,7011.6,443.67
15,50,7073.79,490.5
18,50,6753.04,379.412
18,50,6078.63,321.804
42,50,6474.1,379.17
45,50,6567.06,437.72
9,50,6851.46,488.438
10,50,6037.63,297.258
19,50,6716.23,357.266
7,50,7069.87,299.766
5,50,7313.93,415.547
26,50,6846.11,638.319
35,50,6376.46,411.256
6,50,7237.47,401.346
3,50,6473.75,243.587
21,50,6239.39,305.44
17,50,6308.6,268.805
9,50,6994.04,668.184
3,50,7770.02,653.658
4,50,7206.46,415.555
42,50,6799.31,317.808
15,50,6790.12,419.191
7,50,7132.33,559.004
14,50,7056.33,597.953
28,50,6950.39,626.76
18,50,6311.73,317.233
