50,50,6594.04,199.498
33,34,6286.98,384.657
40,46,6449.81,385.413
28,37,7305.5,774.847
32,40,6188.35,497.347
28,40,7229.45,391.07
24,27,6731.68,515.818
31,35,6447.76,334.259
33,37,7222.63,681.014
26,28,6319.34,323.62
32,33,6656.02,563.729
21,22,6757.41,330.26
21,21,6312.62,381.275
20,21,6666.8,392.171
38,46,6630.69,427.073
31,36,6567.31,462.787
33,41,7054.87,514.309
37,44,6101.19,369.728
33,50,6292.07,304.307
29,35,6858.42,364.173
36,42,6312.23,511.798
29,30,7667.57,751.005
38,44,6426.32,340.689
36,50,6692.28,398.286
20,21,6715.91,404.319
36,43,6709.92,477.368
35,49,6569.61,391.001
40,45,6640.7,454.745
34,41,7235.39,666.142
31,33,6380.72,375.596
42,48,6080.24,275.178
18,22,6768.75,419.762
27,29,7094.64,418.507
28,28,6501.68,349.998
32,41,6433.19,319.033
37,40,6925.48,599.402
32,39,7029.97,566.474
35,36,6555.9,509.651
44,50,6513.63,442.509
28,33,6034.8,308.262
28,30,7364.76,715.785
44,50,6426.68,304.716
25,30,7843.49,623.683
28,29,6433.37,385.763
24,24,6761.1,398.643
34,35,6230.82,385.71
33,35,6313.4,394.49
30,34,6598.65,402.529
38,50,6392.16,306.164
29,34,6823.26,503.741
42,47,6502.47,235.167
47,50,6478.32,274.963
37,45,6790.96,466.587
43,50,6855.36,387.041
29,37,6964.36,449.91
50,50,7497.49,251.485
50,50,6610.86,240.415
40,44,6495.89,409.76
38,49,6340.09,389.942
29,40,6555.03,300.906
47,50,6220.18,336.192
37,44,7019.18,566.385
34,38,6571.62,366.521
39,46,6822.08,354.53
41,46,6981.37,377.744
38,48,6746.04,489.921
48,50,6697.65,363.297
26,34,6246.81,292.35
36,46,6510.19,314.827
45,50,6519.88,290.628
31,33,7049.82,485.132
23,23,6711.33,315.431
39,50,6847.09,419.355
29,34,5814.62,284.602
33,36,7017.97,454.113
19,20,7134.25,447.088
29,29,6779.97,397.155
20,22,6141.46,283.438
29,30,6513.82,371.1
26,29,6537.45,426.968
30,37,6871.17,498.05
39,44,6051.44,292.193
25,25,6718.03,360.135
34,47,7053.66,332.499
40,47,7325.71,421.361
39,45,6895.88,609.061
31,38,6424.17,394.969
40,50,7271.4,387.842
45,50,6464.41,242.129
41,50,6298.52,273.009
50,50,6344.55,223.236
30,40,7015.68,652.956
39,48,7819.33,649.899
48,50,7185.36,415.476
26,27,6842.55,298.273
27,32,6793.46,418.076
34,42,7110.87,546.726
34,35,7072.37,591.622
33,35,7000.75,610.999
27,29,6324.23,314.877
