3,3,6585.27,198.762
5,5,6278.86,386.803
3,3,6436.74,389.907
4,4,7232.8,791.175
3,3,6203.57,506.463
3,3,7223.2,401.008
3,3,6724.43,534.086
4,4,6442.12,330.539
3,3,7238.84,690.123
4,4,6306.49,332.565
4,4,6608.85,570.057
4,4,6704.56,362.79
4,4,6257.51,380.184
4,4,6619.11,389.441
4,4,6576.75,447.136
4,5,6555.47,482.544
3,3,7029.61,531.15
5,5,6103.25,365.312
4,4,6230.45,326.02
3,3,6838.36,366.402
3,4,6285.54,536.515
3,3,7634.26,769.693
4,4,6437.13,329.266
4,4,6616.81,446.996
4,4,6670.17,428.575
4,4,6707.91,493.945
3,3,6532.77,390.513
4,4,6579.71,474.466
4,4,7176.07,670.747
4,4,6346.34,392.895
4,4,6060.2,280.725
4,4,6706.34,439.047
3,3,7062.04,432.059
4,4,6483.95,379.216
3,3,6417.73,323.265
4,4,6931.24,609.235
4,4,6914.57,608.183
4,4,6536.51,499.131
3,3,6486.32,455.211
4,4,6021.36,316.17
3,3,7345.84,746.146
4,4,6377.44,333.896
3,3,7762.73,618.481
4,4,6409.7,406.212
4,4,6695.37,408.835
4,4,6208.4,410.04
5,5,6272.48,408.237
4,4,6589.97,408.55
4,4,6284.39,325.767
4,4,6804.76,533.428
4,4,6470.43,246.93
4,4,6464.49,278.833
3,3,6783.66,453.264
4,4,6834.24,393.793
3,3,6951.47,480.231
2,2,7482.34,242.552
3,4,6605.65,242.616
3,3,6504.32,390.786
4,4,6298.76,399.537
4,4,6510.74,350.419
3,3,6239.72,330.112
3,3,7019.18,561.98
4,4,6543.36,378.236
4,4,6784.33,373.238
3,3,6969.43,384.188
4,4,6758.65,489.626
3,3,6716.94,357.044
4,4,6194.22,310.896
4,4,6457.9,348.718
3,4,6497.31,296.967
4,4,7023.93,512.426
4,4,6684.06,337.568
3,3,6876.77,392
5,5,5793.56,285.085
3,3,7017.33,453.796
3,3,7089.89,486.504
4,4,6753.21,361.079
4,4,6071.77,327.895
5,5,6456.8,380.133
4,4,6518.31,460.114
3,3,6802.22,505.394
4,4,6026.96,306.723
4,4,6707.77,366.339
3,3,7050.46,340.356
3,3,7326.56,407.159
4,4,6854.41,637.108
4,4,6407.41,415.102
3,3,7271.88,376.275
3,3,6471.67,254.828
4,4,6233.23,309.431
4,4,6323.81,256.642
3,3,6987.02,669.165
3,3,7748.07,641.492
3,3,7206.53,405.245
4,4,6783.56,335.157
4,4,6784.29,416.446
3,3,7069.71,551.032
4,4,7120.29,567.073
4,4,6931.55,659.322
4,4,6321.13,319.665
