5,50,369.76,5.17486
11,50,339.891,5.46928
25,50,366.394,4.6873
27,50,371.486,6.13918
42,50,381.388,7.99809
35,50,375.815,5.26769
11,50,359.192,5.31727
5,50,359.04,4.80807
14,50,361.074,6.82034
49,50,364.427,5.60322
12,50,362.616,4.93142
25,50,373.557,6.07665
20,50,361.669,5.13418
29,50,364.122,7.815
13,50,357.407,5.54419
6,50,361.985,4.70073
10,50,377.52,4.94935
14,50,358.359,6.06407
11,50,361.675,5.58127
12,50,375.024,6.08016
31,50,362.111,6.20509
27,50,364.156,8.57678
16,50,376.912,5.19203
6,50,367.996,5.10647
29,50,356.321,5.27767
48,50,364.128,6.12463
36,50,376.058,4.58123
22,50,363.453,6.96982
28,50,367.441,4.74057
20,50,367.243,5.55921
6,50,384.712,5.56507
37,50,369.403,7.33747
21,50,363.812,5.44594
25,50,378.487,5.51128
40,50,361.75,5.90054
35,50,380.529,5.10129
26,50,380.601,5.4898
46,50,369.064,6.65148
15,50,371.725,6.76277
34,50,363.277,5.26213
27,50,353.94,7.28667
7,50,356.306,4.4308
31,50,349.636,5.47828
35,50,349.23,4.88415
33,50,356.775,4.95953
24,50,371.586,6.65108
39,50,365.962,5.4218
17,50,364.802,5.02594
15,50,358.106,7.61306
17,50,371.119,5.74734
15,50,369.016,7.22925
9,50,349.698,5.10322
14,50,375.409,5.27784
26,50,343.507,5.44294
19,50,366.457,4.81158
39,50,367.857,5.22742
9,50,356.825,5.69937
45,50,359.254,5.3346
14,50,379.118,7.62576
18,50,370.709,6.07629
10,50,363.948,5.86171
25,50,360.881,5.90641
16,50,370.19,5.13071
48,50,349.812,5.50518
31,50,346.466,5.60002
47,50,372.367,5.84812
50,50,358.994,5.76517
15,50,354.207,4.44769
42,50,372.644,5.09404
27,50,361.048,4.38941
23,50,348.052,4.30277
42,50,351.069,5.23179
19,50,359.917,5.74327
22,50,357.291,4.90861
11,50,354.831,5.53309
36,50,370.513,8.64677
29,50,371.74,5.70868
32,50,351.154,6.27612
14,50,375.702,5.69118
13,50,347.445,5.18323
15,50,364.215,5.74872
27,50,373.436,9.06289
23,50,360.117,5.06171
12,50,361.79,5.98496
41,50,370.876,4.48026
41,50,367.903,6.80514
12,50,357.636,5.16199
41,50,364.982,7.54165
18,50,362.411,6.08285
16,50,367.651,5.25212
15,50,370.422,5.49364
13,50,351.694,6.48926
39,50,359.991,5.03312
6,50,363.339,6.04604
17,50,368.119,8.34221
33,50,364.416,4.55342
20,50,367.029,4.91918
50,50,351.639,4.60542
26,50,360.046,5.40306
8,50,361.646,5.32833
