46,49,369.18,5.25559
39,42,339.975,5.45529
27,35,367.431,4.71969
24,28,372.756,6.0177
36,42,382.625,7.12932
37,44,375.947,5.12274
36,40,359.368,5.605
43,46,358.796,4.77254
27,30,361.541,6.10554
24,25,365.541,5.02848
39,46,362.853,4.9558
41,50,374.242,5.83605
22,24,361.839,4.83264
35,39,365.224,7.50628
33,35,357.396,5.42906
44,50,362.78,4.42687
34,39,377.701,5.18811
31,36,358.651,6.02075
39,45,361.299,5.67643
33,37,375.249,6.56278
34,41,363.19,5.66162
35,43,364.945,8.10022
27,28,377.336,5.26449
45,46,367.871,5.07308
24,25,357.774,4.14175
35,40,364.403,5.69834
34,37,376.077,4.48477
14,14,363.972,6.93176
42,46,368.57,4.71756
21,22,367.204,5.39532
36,41,384.722,5.64328
38,43,370.376,7.07592
37,38,364.073,5.75854
43,50,380.206,4.29511
31,34,362.602,5.50926
42,48,381.218,5.11377
50,50,381.106,4.55516
43,45,369.69,6.16327
33,36,372.016,6.54252
26,28,363.753,5.37838
36,42,354.695,7.32145
38,43,356.577,4.54519
35,38,350.249,5.45314
34,39,349.844,4.74618
23,25,357.423,4.67289
39,42,371.989,6.5588
39,42,366.566,5.21064
30,31,364.857,4.94135
37,40,357.938,7.73395
32,36,371.336,5.62038
35,37,369.083,7.27977
38,42,349.659,5.83753
36,41,375.357,5.14568
45,50,344.218,5.07881
22,23,366.598,4.37625
31,37,367.888,5.31655
36,40,356.668,6.04949
35,44,360.24,5.09218
32,37,379.201,7.81573
28,29,370.923,6.18509
37,43,364.16,6.1516
30,30,361.606,5.68657
21,22,370.877,4.83293
35,41,350.81,5.20452
32,34,347.299,5.59973
40,42,372.776,5.74028
37,40,359.718,5.8712
26,30,354.661,4.58968
40,45,372.716,5.06982
50,50,361.438,4.17727
32,35,348.411,4.34292
42,47,351.373,5.01807
21,22,359.991,5.94965
27,27,357.895,4.82174
38,41,354.608,5.43101
38,41,371.31,7.80992
33,36,372.266,5.81765
33,37,351.945,5.52472
32,35,376.106,5.92553
32,38,347.365,5.577
35,37,364.319,5.56797
30,37,374.357,8.68452
41,46,360.709,4.47396
36,39,362.101,5.76177
49,50,371.037,4.1527
25,27,368.74,6.5182
32,34,357.713,5.27242
25,32,364.977,7.57931
31,33,362.534,6.37946
26,29,367.99,4.89652
29,34,370.753,5.51257
31,36,351.34,6.66024
40,47,360.497,4.67224
44,49,363.493,5.58687
31,33,367.765,8.87866
49,50,365.087,4.28717
29,30,367.512,4.74472
33,37,351.854,4.66331
25,25,360.836,5.19424
40,43,361.962,4.99715
