4,4,369.687,4.99299
4,6,339.951,5.59731
4,5,366.462,4.77004
4,4,371.493,6.13919
5,6,381.436,7.73199
5,6,375.823,5.282
4,7,359.624,5.33864
4,6,358.85,4.74995
4,4,361.209,6.65158
5,5,364.464,5.06758
4,5,362.717,5.06345
4,5,373.367,6.1098
4,6,361.555,5.07925
4,5,364.216,7.81181
4,5,357.266,5.21675
4,6,362.663,4.5206
4,5,377.497,4.98767
4,6,358.16,6.24463
4,7,361.582,5.42814
4,5,375.191,6.50699
4,6,362.465,5.95535
4,4,364.19,8.60779
4,4,376.801,5.16469
4,6,368.106,4.97931
5,5,356.375,4.88305
5,5,363.955,5.94208
5,5,375.792,4.85163
4,6,363.3,7.18329
5,5,367.829,4.79862
4,5,367.319,5.44177
3,5,384.92,5.57842
4,4,369.925,7.25769
5,7,364,5.37707
4,5,378.53,5.83791
5,6,362.157,5.79983
5,8,380.509,5.38432
4,5,380.417,5.55644
5,6,369.306,6.26575
4,6,371.923,6.84879
5,5,362.7,5.84347
5,6,354.196,7.03399
4,5,356.051,4.73697
5,6,348.971,5.79705
6,7,349.339,4.96112
5,7,356.827,4.97089
4,5,371.348,6.75074
5,6,366.145,5.49401
5,6,364.707,4.69672
4,6,358.078,7.25676
4,5,371.168,5.53719
4,4,368.853,7.48608
4,6,349.86,5.44519
4,5,375.506,5.28431
4,5,343.487,5.3258
4,5,366.274,4.73385
5,5,367.542,5.57506
4,5,356.816,5.79186
5,5,358.972,5.26126
4,6,378.958,7.5975
4,4,370.721,6.48315
4,5,363.961,6.31343
5,5,360.749,6.13185
4,6,370.469,5.07373
6,6,349.97,5.5279
5,5,345.846,6.09881
6,6,372.331,5.89748
5,6,358.961,5.78022
4,5,354.143,4.5448
5,5,372.188,5.27318
4,6,361.019,4.3492
5,5,348.273,4.4068
5,5,351.493,5.08466
4,5,360.037,6.42253
4,4,357.678,4.64929
4,5,354.705,5.52562
4,4,370.399,8.55026
5,6,371.645,5.61306
5,6,351.265,5.89029
4,6,376.114,5.8692
4,5,347.491,5.25962
4,6,364.562,5.47395
4,4,373.855,8.72147
5,7,360.311,4.91349
4,5,361.674,6.40021
4,4,370.883,4.44241
5,5,367.526,6.76677
4,5,357.934,5.1715
5,6,365.017,7.59252
4,6,362.577,5.97191
4,5,367.645,5.19769
4,6,370.328,5.65477
4,7,351.378,6.87054
4,4,360.534,4.96583
4,6,363.63,5.66756
4,4,367.346,9.05219
4,6,364.836,4.37313
4,6,367.08,4.94409
5,5,351.564,4.79718
4,6,360.091,5.40221
4,6,361.799,5.31741
